[gd_scene format=3 uid="uid://q148hwka7qpr"]

[ext_resource type="PackedScene" uid="uid://d1yypibufcxmj" path="res://assets/models/KayKit_Restaurant_Bits_1.0_FREE/Assets/fbx/bowl_small.fbx" id="1_jjilm"]
[ext_resource type="PackedScene" uid="uid://cns14qe6u4yjq" path="res://assets/models/KayKit_Restaurant_Bits_1.0_FREE/Assets/fbx/kitchencounter_straight_B_backsplash.fbx" id="2_0tc0s"]
[ext_resource type="Shader" uid="uid://c6qhkhar3xobg" path="res://shaders/edge_detection.gdshader" id="3_o344h"]
[ext_resource type="Texture2D" uid="uid://bwo418ynagv6y" path="res://assets/models/KayKit_Restaurant_Bits_1.0_FREE/Assets/textures/Capture d'écran 2026-03-21 224009.png" id="3_r5n35"]
[ext_resource type="Script" path="res://scripts/mesh_instance_3d.gd" id="4_p4te0"]
[ext_resource type="Texture2D" uid="uid://dwuyuykt3w5pc" path="res://assets/models/KayKit_Restaurant_Bits_1.0_FREE/Assets/textures/jauge_mix.png" id="5_wpu4a"]
[ext_resource type="Texture2D" uid="uid://csxbax2th354x" path="res://assets/models/KayKit_Restaurant_Bits_1.0_FREE/Assets/textures/jauge_mix_fill.png" id="6_pyf2e"]
[ext_resource type="Script" uid="uid://dcl88db4h5mey" path="res://scripts/texture_progress_bar.gd" id="7_wpu4a"]

[sub_resource type="StandardMaterial3D" id="StandardMaterial3D_sq5uq"]
albedo_texture = ExtResource("3_r5n35")

[sub_resource type="CylinderMesh" id="CylinderMesh_xpf38"]
top_radius = 0.1
bottom_radius = 0.1
height = 0.01

[sub_resource type="StandardMaterial3D" id="StandardMaterial3D_k17rc"]

[sub_resource type="ShaderMaterial" id="ShaderMaterial_o344h"]
render_priority = 0
shader = ExtResource("3_o344h")
shader_parameter/lightIntensity = 1.25
shader_parameter/lineAlpha = 0.7
shader_parameter/useLighting = false
shader_parameter/lineHighlight = 0.145
shader_parameter/lineShadow = 0.815

[sub_resource type="QuadMesh" id="QuadMesh_4u57j"]
lightmap_size_hint = Vector2i(7, 7)
material = SubResource("ShaderMaterial_o344h")
flip_faces = true
size = Vector2(5, 5)

[node name="MinigameMix" type="Node3D" unique_id=968592930]

[node name="bowl_small" parent="." unique_id=646026921 instance=ExtResource("1_jjilm")]
transform = Transform3D(0.34999287, 0.0021332807, -0.00065329147, -0.0021345138, 0.34999287, -0.0006606027, 0.00064925174, 0.00066457345, 0.34999877, -0.056103185, 0.99672747, 0.11929202)

[node name="kitchencounter_straight_B_backsplash2" parent="." unique_id=1610190926 instance=ExtResource("2_0tc0s")]
transform = Transform3D(1, 0, 0, 0, 1, 0, 0, 0, 1, -0.018679619, 0, 0.011364937)

[node name="MeshInstance3D" type="MeshInstance3D" parent="." unique_id=637263962]
transform = Transform3D(-0.619738, 0, -0.7848088, 0, 1, 0, 0.7848088, 0, -0.619738, -0.05059451, 1.0815552, 0.12726334)
material_override = SubResource("StandardMaterial3D_sq5uq")
mesh = SubResource("CylinderMesh_xpf38")
surface_material_override/0 = SubResource("StandardMaterial3D_k17rc")
script = ExtResource("4_p4te0")

[node name="DirectionalLight3D" type="DirectionalLight3D" parent="." unique_id=971683466]
transform = Transform3D(1, 0, 0, 0, 0.34052727, 0.94023466, 0, -0.94023466, 0.34052727, 0, 3.5340042, 0)

[node name="SubViewportContainer" type="SubViewportContainer" parent="." unique_id=539134231]
texture_filter = 1
anchors_preset = 15
anchor_right = 1.0
anchor_bottom = 1.0
grow_horizontal = 2
grow_vertical = 2
stretch = true
stretch_shrink = 5
metadata/_edit_use_anchors_ = true

[node name="TextureProgressBar" type="TextureProgressBar" parent="SubViewportContainer" unique_id=989430825]
layout_mode = 2
fill_mode = 3
texture_over = ExtResource("5_wpu4a")
texture_progress = ExtResource("6_pyf2e")
script = ExtResource("7_wpu4a")

[node name="SubViewport" type="SubViewport" parent="SubViewportContainer" unique_id=1994211378]
handle_input_locally = false
size = Vector2i(256, 144)
render_target_update_mode = 4

[node name="Camera3D" type="Camera3D" parent="SubViewportContainer/SubViewport" unique_id=607803947]
transform = Transform3D(0.99608475, -0.07998835, 0.037645016, -0.0037900445, 0.38679868, 0.9221564, -0.08832281, -0.9186886, 0.38498107, 0.050028183, 1.3939526, 0.2624129)

[node name="PostProcessing" type="MeshInstance3D" parent="SubViewportContainer/SubViewport/Camera3D" unique_id=917331160]
transform = Transform3D(0.7982618, 0.2326966, -0.55554503, -0.46266982, -0.35364756, -0.81293905, -0.38563538, 0.9059722, -0.17464176, -15.302995, -3.426938, 21.471537)
extra_cull_margin = 16384.0
mesh = SubResource("QuadMesh_4u57j")
